 0
 8184
 4104
 6120
 4104
 6120
 4104
 6120
 4104
 6120
 4104
 6120
 4104
 6120
 4104
 8184
 0
 0
 0
 384
 2016
 4080
 8184
 6552
 8184
 1632
 3504
 6168
 0
 0
 0
 0
 0
 8184
 8196
 11268
 10244
 8196
 8196
 8196
 8196
 8212
 8244
 8196
 8184
 960
 4080
 0
 0
 960
 3120
 4104
 4104
 9828
 9828
 8196
 8580
 8196
 9252
 5064
 4104
 3120
 960
 0
 0
 0
 3072
 3072
 3072
 27648
 27696
 27696
 28080
 28080
 28086
 28086
 28086
 65535
 0
 0
 32766
 20370
 20370
 20370
 20370
 20466
 16386
 24570
 20490
 20490
 20490
 20490
 20490
 20490
 20490
 32766
 1984
 2080
 4112
 4112
 9096
 9288
 9288
 9288
 5200
 4752
 2720
 2720
 1984
 1984
 1984
 1984
 65535
 32769
 32769
 32769
 42977
 38937
 43013
 33793
 33281
 33025
 65535
 32769
 33153
 33153
 32769
 65535
 0
 1984
 65535
 10180
 8196
 8196
 28740
 100
 28788
 8316
 8304
 8316
 63604
 28772
 8260
 4
 0
 16
 272
 776
 1864
 3908
 16164
 16164
 16164
 16164
 3908
 1864
 776
 272
 16
 0
 0
 448
 1712
 2056
 2184
 4228
 4228
 4228
 7052
 4100
 4100
 2056
 2056
 1712
 448
 0
 0
 2048
 18688
 10752
 7168
 2060
 2060
 2060
 2156
 2156
 2156
 2924
 2924
 2924
 2924
 0
 0
 8176
 4112
 4112
 8176
 4112
 5456
 4112
 5456
 4112
 5456
 4112
 5456
 4112
 8176
 0
 0
 16384
 57351
 16384
 0
 0
 16382
 15506
 31890
 31890
 31890
 31890
 15506
 16382
 0
 0
 0
 0
 112
 248
 3324
 8188
 16382
 16382
 5460
 10920
 21840
 43688
 0
 0
 0
 0
 0
 2192
 2456
 2312
 2456
 2288
 2288
 7264
 7264
 2144
 7264
 7264
 7264
 7264
 7264
 0
 0
 0
 2032
 2056
 2056
 4100
 5092
 16382
 9554
 9554
 16382
 16382
 6156
 6156
 0
 0
 0
 0
 0
 0
 0
 0
 0
 0
 0
 0
 0
 0
 0
 0
 0
 0
 0
 0
 0
 0
 0
 0
 0
 0
 0
 0
 0
 0
 0
 0
 0
 0
 0
 0
 0
 0
 0
 0
 0
 0
 0
 0
 0
 0
 0
 0
 0
 0
 0
 0
 0
 0
 0
 0
 0
 0
 0
 0
 0
 0
 0
 0
 0
 0
 0
 0
 0
 0
 0
 0
 0
 0
 0
 0
 0
 0
 0
 0
 0
 0
 0
 0
 0
 0
 0
 0
 0
 0
 0
 0
 0
 0
 0
 0
 0
 0
 0
 0
 0
 0
 0
 0
 0
 0
 0
 0
 0
 0
 0
 0
 0
 0
 0
 0
 0
 0
 0
 0
 0
 0
 0
 0
 0
 0
 0
 0
 0
 0
 0
 0
 0
 0
 0
 0
 0
 0
 0
 0
 0
 0
 0
 0
 0
 0
 0
 0
 0
 0
 0
 0
 0
 0
 0
 0
 0
 0
 0
 0
 0
 0
 0
 0
 0
 0
 0
 0
 0
 0
 0
 0
 0
 0
 0
 0
 0
 0
 0
 0
 0
 0
 0
 0
 0
 0
 0
 0
 0
 0
 0
 0
 0
 0
 0
 0
 0
 0
 0
 0
 0
 0
 0
 0
 0
 0
 0
 0
 0
 0
 0
 0
 0
 0
 0
 0
 0
 0
 0
 0
 0
 0
 0
 0
 0
 0
 0
 0
 0
 0
 0
 0
 0
 0
 0
 0
 0
 0
 0
 0
 0
 0
